ID,Content Length,Content
558805376544538646,5,t-gay
558805557973090305,5,T-g#y
