ID,Server,Channel,Content Length,Content
558446154342465546,/r/Anime Discord!,novels,3,aye
