ID,Content Length,Content
560979148034670632,65,What's the release date of lava legends and how much will it cost
