ID,Channel,Content Length,Content
559089706164420641,lfg-battleroyale-console,16,Lfs/lfd 500+ nae
