ID,Channel,Content Length,Content
558778298419642368,stream-video-promo,34,https://www.twitch.tv/stolenkingtv
