ID,Content Length,Content
560985183189205005,36,https://www.twitch.tv/shadowhunterfn
560985231411249156,36,https://www.twitch.tv/shadowhunterfn
