ID,Server,Channel,Content Length,Content
558819760725295155,Official Fortnite,stream-video-promo,28,https://youtu.be/JAMHfnL79T0
