ID,Content Length,Content
559022057711730730,47,<@310780206858108928> I'm interested in joining
