ID,Content Length,Content
559070314001334282,28,https://youtu.be/AEu4TLCKOsI
