ID,Channel,Content Length,Content
558798193102553118,movie-night,4,Epic
558798744020320283,movie-night,43,There's a VC motor motor under this channel
558798824039251999,movie-night,3,Yes
558798932533051392,movie-night,23,Holy frail awesomeguydj
