ID,Content Length,Content
558784094411030528,5,!rank
