ID,Content Length,Content
559062260090404874,33,Is there a best constructor hero?
