ID,Channel,Content Length,Content
558860992013139978,pewdiepie-vs-tseries,2,Ji
558861008857333760,pewdiepie-vs-tseries,2,Hi
