ID,Content Length,Content
559051332879646730,2,Hi
559051382725017627,32,<:thinksteve:425381858121875459>
