ID,Content Length,Content
560627966519017534,44,Anybody want to 1v1 I'm on Xbox have 90 wins
560628134072811546,19,I think he does tbh
