ID,Content Length,Content
560999322519339031,14,I'm ao proooud
560999330941763614,2,so
560999423040290816,24,I came out today_ yayyyy
560999443848101908,22,only to one person tho
560999492841897995,3,yes
560999501297483834,3,YES
560999509513994250,6,YEEEES
560999574186098708,47,<@481585290176233482> Privyet fellow wikipedian
560999749050826752,160,My favorite thing to do on wikipedia is be a bitch by finding sentences without citations and lazily dropping "citation needed" tags like a little fucking fairy
560999930551074838,13,Drake is okay
560999954655477763,32,i don't really like modern music
560999982346534925,12,80's forever
561000017108926476,10,PEPE BALLZ
561000344658640909,27,I'm the world's gayest man.
