ID,Content Length,Content
558844262419136523,5,carai
558844335131459605,5,nossa
