ID,Channel,Content Length,Content
560979374048935956,stw-questions,67,does anyone know when the ultimate pack of save the world comes out
