ID,Channel,Content Length,Content
560996305741152256,pewdiepie-vs-tseries,38,<@263803725183713282> check ur dms pls
