ID,Content Length,Content
558444084948238356,128,any have an account with skins they don't use anymore if so pls let me merge. I'm just asking I'm not trying to scam or anything
558444517808930827,5,oh ok
558444614965657612,42,<@!146786260785168384> i didn't know sorry
558445731904618507,84,does anyone know were the place is to submit your map for the LTM Creator Contest???
558446209648427010,27,<@!240671089544527873> tysm
