ID,Server,Channel,Content Length,Content
560648028290285569,Official Fortnite,fortnite-general,2,xd
