ID,Server,Channel,Content Length,Content
558473077328052250,FlareTV - PewDiePie vs T-Series,pewdiepie-vs-tseries,13,you are right
