ID,Content Length,Content
558856148380418058,48,is anyone else having problems with matchmaking?
