ID,Content Length,Content
558757879738400776,41,Need a duo gauntlet partner dm me NO BOTS
