ID,Channel,Content Length,Content
558785977070649364,fortnite-general,57,someone help me out with my pc can they dm me please lmao
