ID,Content Length,Content
560949687872520213,5,!skip
560949943955619891,5,!skip
