ID,Content Length,Content
558458525802692620,0,
